Train Results: {'n/ep': 50, 'n/st': 2016, 'rews': array([435.02196622, 431.29440272, 334.97079134, 333.42952299,
       319.15126824, 522.79248166, 421.8945694 , 359.08306694,
       347.6151976 , 398.54940724, 357.42921245, 300.05423081,
       416.16964281, 458.82387781, 354.98830211, 393.72260022,
       457.44918799, 261.37303936, 416.34240508, 334.49859738,
       296.67749059, 454.5905292 , 340.55836427, 374.48873317,
       366.16349196, 358.89491922, 261.48200583, 265.05445412,
       471.24175262, 335.21875739, 495.49594688, 313.76170802,
       287.94480592, 456.82810211, 369.73834121, 392.40100807,
       433.2168349 , 556.66444844, 351.55421925, 328.09319353,
       380.00367832, 384.5088886 , 329.52017653, 406.13400197,
       589.15794063, 403.12446332, 389.14520502, 650.58535075,
       340.59702873, 395.02410316]), 'bl_rews': array([241.94319153, 252.5043869 , 225.65037745, 151.92903835,
       175.63875076, 297.58945253, 308.5114584 , 196.44009531,
       194.27385131, 212.29027808, 232.4138779 , 201.65070622,
       259.91334736, 313.73533469, 212.44477934, 184.94230384,
       233.04510382, 144.3960126 , 237.74293375, 179.82586676,
       161.34770915, 284.16166157, 182.14149165, 211.17194182,
       226.04717225, 203.21306688, 142.56416139, 135.89759287,
       271.92678022, 217.25516705, 288.47747549, 172.7943626 ,
       152.1938436 , 305.21962774, 222.06838162, 220.61180528,
       246.43503517, 414.25948972, 205.86257237, 180.21802029,
       210.50703436, 211.42815012, 177.65424329, 280.72465834,
       368.44535178, 251.14705569, 264.32902622, 456.74107069,
       229.72993323, 231.0752539 ]), 'lens': array([38, 38, 39, 39, 39, 39, 39, 39, 39, 40, 40, 40, 40, 40, 40, 40, 40,
       40, 40, 40, 40, 40, 40, 40, 40, 40, 40, 40, 40, 41, 41, 41, 41, 41,
       41, 41, 41, 41, 41, 41, 41, 41, 41, 41, 42, 42, 42, 42, 42, 42]), 'idxs': array([17082, 30079, 22081, 25079, 28081, 37080, 38081, 42081, 44081,
          84,  1082,  4080,  9082, 10081, 12081, 13079, 15079, 16081,
       19080, 21080, 23081, 24079, 26082, 27081, 32080, 36080, 39081,
       46080, 47078,  3082,  7081,  8081, 11082, 14077, 18080, 29082,
       31080, 33082, 34079, 35079, 40079, 41080, 43082, 49078,  2079,
        5080,  6083, 20079, 45080, 48082]), 'rew': 388.6504742830992, 'bl_rew': 231.65060566496686, 'len': 40.32, 'rew_std': 79.66530824759266, 'len_std': 0.9887365675446621}
Test Results: {'n/ep': 50, 'n/st': 2016, 'rews': array([435.02196622, 431.29440272, 334.97079134, 333.42952299,
       319.15126824, 522.79248166, 421.8945694 , 359.08306694,
       347.6151976 , 398.54940724, 357.42921245, 300.05423081,
       416.16964281, 458.82387781, 354.98830211, 393.72260022,
       457.44918799, 261.37303936, 416.34240508, 334.49859738,
       296.67749059, 454.5905292 , 340.55836427, 374.48873317,
       366.16349196, 358.89491922, 261.48200583, 265.05445412,
       471.24175262, 335.21875739, 495.49594688, 313.76170802,
       287.94480592, 456.82810211, 369.73834121, 392.40100807,
       433.2168349 , 556.66444844, 351.55421925, 328.09319353,
       380.00367832, 384.5088886 , 329.52017653, 406.13400197,
       589.15794063, 403.12446332, 389.14520502, 650.58535075,
       340.59702873, 395.02410316]), 'bl_rews': array([241.94319153, 252.5043869 , 225.65037745, 151.92903835,
       175.63875076, 297.58945253, 308.5114584 , 196.44009531,
       194.27385131, 212.29027808, 232.4138779 , 201.65070622,
       259.91334736, 313.73533469, 212.44477934, 184.94230384,
       233.04510382, 144.3960126 , 237.74293375, 179.82586676,
       161.34770915, 284.16166157, 182.14149165, 211.17194182,
       226.04717225, 203.21306688, 142.56416139, 135.89759287,
       271.92678022, 217.25516705, 288.47747549, 172.7943626 ,
       152.1938436 , 305.21962774, 222.06838162, 220.61180528,
       246.43503517, 414.25948972, 205.86257237, 180.21802029,
       210.50703436, 211.42815012, 177.65424329, 280.72465834,
       368.44535178, 251.14705569, 264.32902622, 456.74107069,
       229.72993323, 231.0752539 ]), 'lens': array([38, 38, 39, 39, 39, 39, 39, 39, 39, 40, 40, 40, 40, 40, 40, 40, 40,
       40, 40, 40, 40, 40, 40, 40, 40, 40, 40, 40, 40, 41, 41, 41, 41, 41,
       41, 41, 41, 41, 41, 41, 41, 41, 41, 41, 42, 42, 42, 42, 42, 42]), 'idxs': array([17082, 30079, 22081, 25079, 28081, 37080, 38081, 42081, 44081,
          84,  1082,  4080,  9082, 10081, 12081, 13079, 15079, 16081,
       19080, 21080, 23081, 24079, 26082, 27081, 32080, 36080, 39081,
       46080, 47078,  3082,  7081,  8081, 11082, 14077, 18080, 29082,
       31080, 33082, 34079, 35079, 40079, 41080, 43082, 49078,  2079,
        5080,  6083, 20079, 45080, 48082]), 'rew': 388.6504742830992, 'bl_rew': 231.65060566496686, 'len': 40.32, 'rew_std': 79.66530824759266, 'len_std': 0.9887365675446621}