
Train Results: {'n/ep': 50, 'n/st': 1325, 'rews': array([351.98890483, 215.77409494, 206.68604922, 241.09948981,
       268.85344338, 304.91444755, 182.45477939, 209.01721364,
       216.96618152, 217.96099484, 242.31756163, 240.82062888,
       213.82631207, 243.27286267, 347.10114694, 308.52441931,
       200.36413908, 364.41490453, 208.24776492, 309.07056952,
       175.70118618, 160.35560673, 232.04065156, 285.90604743,
       177.79959583, 252.6885829 , 320.01007819, 203.79485822,
       175.22842282, 263.76600051, 212.83646888, 267.37003565,
       346.08792281, 243.82668352, 285.12911177, 261.87125802,
       194.19660538, 293.0926857 , 295.01270747, 354.44486761,
       167.78940654, 371.54397392, 354.53559732, 143.29741079,
       330.70327353, 195.73802644, 388.04261351, 193.92817736,
       210.84436178, 262.22728515]), 'bl_rews': array([158.38329446, 143.06000078,  90.17410006, 143.16348825,
       116.97563624, 178.00544429, 121.62819678, 149.02136755,
       136.58508861, 119.52493954, 154.06318998, 193.21011311,
       121.96942508, 159.66335559, 208.04360547, 191.05202186,
       176.89060086, 250.79984355, 119.18253782, 194.55464411,
       142.4890846 , 106.22101194, 171.05457962, 186.98307264,
       137.66533548, 135.26670015, 173.83832389, 107.53164041,
       115.93458344, 149.95975775, 142.82346267, 150.96434107,
       236.05423009, 152.94293627, 183.76198542, 167.14898753,
       147.49673504, 182.34723043, 187.35944724, 221.77462184,
       132.65244663, 204.19755358, 215.79566471,  97.85111648,
       174.01394671, 122.42494389, 237.09338617, 170.73271185,
       127.21995264, 164.99944735]), 'lens': array([25, 25, 25, 25, 25, 25, 26, 26, 26, 26, 26, 26, 26, 26, 26, 26, 26,
       26, 26, 26, 26, 26, 26, 26, 27, 27, 27, 27, 27, 27, 27, 27, 27, 27,
       27, 27, 27, 27, 27, 27, 27, 27, 27, 27, 27, 28, 28, 28, 28, 28]), 'idxs': array([   51,  3055, 27053, 38055, 42054, 44053,  1053,  2052,  5054,
       13054, 17054, 20055, 22050, 24052, 26053, 28053, 30054, 33052,
       36053, 43053, 45053, 47052, 48053, 49054,  6054,  7053,  8052,
        9054, 10052, 12053, 14055, 15054, 16052, 18052, 21054, 23054,
       25052, 29055, 32052, 34052, 35054, 37053, 39052, 41052, 46051,
        4052, 11055, 19055, 31053, 40053]), 'rew': 254.26970824360848, 'bl_rew': 159.45100263018162, 'len': 26.5, 'rew_std': 63.26290004567332, 'len_std': 0.8306623862918074}
Test Results: {'n/ep': 50, 'n/st': 1325, 'rews': array([351.98890483, 215.77409494, 206.68604922, 241.09948981,
       268.85344338, 304.91444755, 182.45477939, 209.01721364,
       216.96618152, 217.96099484, 242.31756163, 240.82062888,
       213.82631207, 243.27286267, 347.10114694, 308.52441931,
       200.36413908, 364.41490453, 208.24776492, 309.07056952,
       175.70118618, 160.35560673, 232.04065156, 285.90604743,
       177.79959583, 252.6885829 , 320.01007819, 203.79485822,
       175.22842282, 263.76600051, 212.83646888, 267.37003565,
       346.08792281, 243.82668352, 285.12911177, 261.87125802,
       194.19660538, 293.0926857 , 295.01270747, 354.44486761,
       167.78940654, 371.54397392, 354.53559732, 143.29741079,
       330.70327353, 195.73802644, 388.04261351, 193.92817736,
       210.84436178, 262.22728515]), 'bl_rews': array([158.38329446, 143.06000078,  90.17410006, 143.16348825,
       116.97563624, 178.00544429, 121.62819678, 149.02136755,
       136.58508861, 119.52493954, 154.06318998, 193.21011311,
       121.96942508, 159.66335559, 208.04360547, 191.05202186,
       176.89060086, 250.79984355, 119.18253782, 194.55464411,
       142.4890846 , 106.22101194, 171.05457962, 186.98307264,
       137.66533548, 135.26670015, 173.83832389, 107.53164041,
       115.93458344, 149.95975775, 142.82346267, 150.96434107,
       236.05423009, 152.94293627, 183.76198542, 167.14898753,
       147.49673504, 182.34723043, 187.35944724, 221.77462184,
       132.65244663, 204.19755358, 215.79566471,  97.85111648,
       174.01394671, 122.42494389, 237.09338617, 170.73271185,
       127.21995264, 164.99944735]), 'lens': array([25, 25, 25, 25, 25, 25, 26, 26, 26, 26, 26, 26, 26, 26, 26, 26, 26,
       26, 26, 26, 26, 26, 26, 26, 27, 27, 27, 27, 27, 27, 27, 27, 27, 27,
       27, 27, 27, 27, 27, 27, 27, 27, 27, 27, 27, 28, 28, 28, 28, 28]), 'idxs': array([   51,  3055, 27053, 38055, 42054, 44053,  1053,  2052,  5054,
       13054, 17054, 20055, 22050, 24052, 26053, 28053, 30054, 33052,
       36053, 43053, 45053, 47052, 48053, 49054,  6054,  7053,  8052,
        9054, 10052, 12053, 14055, 15054, 16052, 18052, 21054, 23054,
       25052, 29055, 32052, 34052, 35054, 37053, 39052, 41052, 46051,
        4052, 11055, 19055, 31053, 40053]), 'rew': 254.26970824360848, 'bl_rew': 159.45100263018162, 'len': 26.5, 'rew_std': 63.26290004567332, 'len_std': 0.8306623862918074}