Train Results: {'n/ep': 50, 'n/st': 1334, 'rews': array([133.70644099, 171.84496284, 226.57219744, 245.91325653,
       291.91569352, 239.23483568, 325.02137995, 192.93095574,
       208.78963637, 237.48725307, 287.64014375, 249.38544416,
       176.8247838 , 149.75331646, 255.08530235, 171.53782476,
       279.17903137, 197.21324754, 249.34234619, 235.55650753,
       185.54630744, 264.27610087, 288.72144175, 222.47636807,
       209.29820108, 350.25596559, 260.37871242, 240.37722254,
       250.43516162, 246.03025258, 227.75594604, 214.74602741,
       270.44511306, 316.67970198, 213.41051126, 286.64897013,
       285.99725866, 207.65094638, 184.88094854, 274.72655416,
       255.84112287, 251.55216324, 223.84671795, 267.20655334,
       295.53569388, 265.74416447, 268.75792575, 322.52602637,
       563.69169044, 198.33155608]), 'bl_rews': array([ 88.29841515, 157.32540679, 159.45265546, 143.34684825,
       152.83962911, 168.1997059 , 194.19542789, 105.91226098,
       169.78176796, 228.81217489, 177.00458169, 168.73377097,
       111.73231989, 116.30606627, 176.24642694, 116.08237597,
       222.18898237, 131.35124594, 138.03213218, 207.62763286,
       134.44732928, 172.6907835 , 173.12545502, 180.07381117,
       134.73633897, 270.8753227 , 149.8273778 , 147.56971967,
       196.88335085, 157.10349843, 190.63984263, 190.5616301 ,
       161.83716372, 243.8800385 , 156.81948471, 187.89789593,
       195.5355067 , 150.21175182, 128.57997622, 208.93104136,
       164.58937752, 179.07576072, 164.05715692, 172.76848166,
       250.5037151 , 169.41016161, 232.00762105, 231.61226588,
       342.42963707, 157.28920877]), 'lens': array([25, 25, 25, 25, 25, 26, 26, 26, 26, 26, 26, 26, 26, 26, 26, 26, 26,
       26, 27, 27, 27, 27, 27, 27, 27, 27, 27, 27, 27, 27, 27, 27, 27, 27,
       27, 27, 27, 27, 27, 27, 27, 27, 27, 28, 28, 28, 28, 28, 28, 28]), 'idxs': array([29052, 32054, 35052, 39053, 47053,  1053,  3054,  4056,  7054,
       10054, 16054, 18052, 19052, 21053, 23053, 33054, 37055, 40051,
          52,  2053,  5052,  6051,  9053, 14053, 15053, 20054, 22051,
       24051, 25053, 26050, 27054, 28052, 34052, 36054, 38053, 41057,
       42053, 43053, 44053, 45053, 46054, 48052, 49052,  8052, 11054,
       12054, 13052, 17054, 30053, 31053]), 'rew': 248.77411772049965, 'bl_rew': 174.5888106573024, 'len': 26.68, 'rew_std': 64.08928656450685, 'len_std': 0.8352245207128441}
Test Results: {'n/ep': 50, 'n/st': 1334, 'rews': array([133.70644099, 171.84496284, 226.57219744, 245.91325653,
       291.91569352, 239.23483568, 325.02137995, 192.93095574,
       208.78963637, 237.48725307, 287.64014375, 249.38544416,
       176.8247838 , 149.75331646, 255.08530235, 171.53782476,
       279.17903137, 197.21324754, 249.34234619, 235.55650753,
       185.54630744, 264.27610087, 288.72144175, 222.47636807,
       209.29820108, 350.25596559, 260.37871242, 240.37722254,
       250.43516162, 246.03025258, 227.75594604, 214.74602741,
       270.44511306, 316.67970198, 213.41051126, 286.64897013,
       285.99725866, 207.65094638, 184.88094854, 274.72655416,
       255.84112287, 251.55216324, 223.84671795, 267.20655334,
       295.53569388, 265.74416447, 268.75792575, 322.52602637,
       563.69169044, 198.33155608]), 'bl_rews': array([ 88.29841515, 157.32540679, 159.45265546, 143.34684825,
       152.83962911, 168.1997059 , 194.19542789, 105.91226098,
       169.78176796, 228.81217489, 177.00458169, 168.73377097,
       111.73231989, 116.30606627, 176.24642694, 116.08237597,
       222.18898237, 131.35124594, 138.03213218, 207.62763286,
       134.44732928, 172.6907835 , 173.12545502, 180.07381117,
       134.73633897, 270.8753227 , 149.8273778 , 147.56971967,
       196.88335085, 157.10349843, 190.63984263, 190.5616301 ,
       161.83716372, 243.8800385 , 156.81948471, 187.89789593,
       195.5355067 , 150.21175182, 128.57997622, 208.93104136,
       164.58937752, 179.07576072, 164.05715692, 172.76848166,
       250.5037151 , 169.41016161, 232.00762105, 231.61226588,
       342.42963707, 157.28920877]), 'lens': array([25, 25, 25, 25, 25, 26, 26, 26, 26, 26, 26, 26, 26, 26, 26, 26, 26,
       26, 27, 27, 27, 27, 27, 27, 27, 27, 27, 27, 27, 27, 27, 27, 27, 27,
       27, 27, 27, 27, 27, 27, 27, 27, 27, 28, 28, 28, 28, 28, 28, 28]), 'idxs': array([29052, 32054, 35052, 39053, 47053,  1053,  3054,  4056,  7054,
       10054, 16054, 18052, 19052, 21053, 23053, 33054, 37055, 40051,
          52,  2053,  5052,  6051,  9053, 14053, 15053, 20054, 22051,
       24051, 25053, 26050, 27054, 28052, 34052, 36054, 38053, 41057,
       42053, 43053, 44053, 45053, 46054, 48052, 49052,  8052, 11054,
       12054, 13052, 17054, 30053, 31053]), 'rew': 248.77411772049965, 'bl_rew': 174.5888106573024, 'len': 26.68, 'rew_std': 64.08928656450685, 'len_std': 0.8352245207128441}