Train Results: {'n/ep': 50, 'n/st': 2015, 'rews': array([334.58286285, 377.72116542, 231.48985153, 370.58538759,
       364.25247335, 384.7549054 , 360.998873  , 519.12520421,
       294.22893345, 402.60950363, 351.03913856, 471.81156015,
       384.50824898, 340.0160892 , 560.65688205, 364.22052932,
       246.59353042, 379.60376418, 277.45267248, 306.54647243,
       348.68869114, 441.81238794, 484.49211788, 378.64073229,
       412.00795698, 347.40482086, 315.72083983, 346.96481583,
       403.4187938 , 342.94075394, 371.28094444, 273.98071229,
       342.56979001, 373.94043398, 342.88988554, 365.61106694,
       420.29735494, 309.06588888, 360.50386858, 263.21270433,
       256.4998439 , 287.32212782, 308.01171732, 605.34439468,
       385.60967362, 377.59550643, 401.49356496, 435.53866291,
       384.97574937, 414.63389486]), 'bl_rews': array([272.79989511, 184.54067247, 164.34622255, 268.02858472,
       229.81751534, 200.30741745, 164.67915571, 313.54690814,
       214.76159239, 215.50647727, 200.61511108, 264.5968383 ,
       304.01798373, 235.18597335, 410.98494504, 209.34950686,
       166.52629268, 299.10956252, 141.97002214, 220.9151836 ,
       217.55909505, 291.61127986, 284.65478502, 247.14737463,
       249.54528534, 269.6224131 , 182.94558364, 216.21583694,
       243.13417464, 243.60320097, 233.52517942, 174.03848022,
       209.3442938 , 233.33748983, 269.21535146, 208.46036339,
       231.651456  , 179.68440607, 241.79720163, 161.66160688,
       193.26037788, 191.46664047, 162.41784576, 311.95698953,
       273.69718516, 277.68629551, 326.83243421, 337.9066    ,
       270.13357073, 312.10379314]), 'lens': array([39, 39, 39, 39, 39, 39, 39, 39, 39, 40, 40, 40, 40, 40, 40, 40, 40,
       40, 40, 40, 40, 40, 40, 40, 40, 40, 40, 40, 40, 40, 41, 41, 41, 41,
       41, 41, 41, 41, 41, 41, 41, 41, 41, 41, 41, 41, 42, 42, 42, 42]), 'idxs': array([ 3082,  8080, 11079, 13081, 14078, 16080, 26080, 39081, 45079,
        1080,  4080,  9081, 10083, 22081, 23082, 25079, 27081, 28081,
       29080, 30082, 31080, 33079, 34080, 36082, 38080, 40080, 42082,
       43081, 47080, 48081,    80,  2081,  5081,  6082,  7081, 12081,
       15078, 17081, 18080, 21081, 24080, 32079, 35078, 37081, 44081,
       46080, 19083, 20080, 41082, 49076]), 'rew': 368.5053548896313, 'bl_rew': 238.55644901480525, 'len': 40.3, 'rew_std': 73.14657092377094, 'len_std': 0.854400374531753}
Test Results: {'n/ep': 50, 'n/st': 2015, 'rews': array([334.58286285, 377.72116542, 231.48985153, 370.58538759,
       364.25247335, 384.7549054 , 360.998873  , 519.12520421,
       294.22893345, 402.60950363, 351.03913856, 471.81156015,
       384.50824898, 340.0160892 , 560.65688205, 364.22052932,
       246.59353042, 379.60376418, 277.45267248, 306.54647243,
       348.68869114, 441.81238794, 484.49211788, 378.64073229,
       412.00795698, 347.40482086, 315.72083983, 346.96481583,
       403.4187938 , 342.94075394, 371.28094444, 273.98071229,
       342.56979001, 373.94043398, 342.88988554, 365.61106694,
       420.29735494, 309.06588888, 360.50386858, 263.21270433,
       256.4998439 , 287.32212782, 308.01171732, 605.34439468,
       385.60967362, 377.59550643, 401.49356496, 435.53866291,
       384.97574937, 414.63389486]), 'bl_rews': array([272.79989511, 184.54067247, 164.34622255, 268.02858472,
       229.81751534, 200.30741745, 164.67915571, 313.54690814,
       214.76159239, 215.50647727, 200.61511108, 264.5968383 ,
       304.01798373, 235.18597335, 410.98494504, 209.34950686,
       166.52629268, 299.10956252, 141.97002214, 220.9151836 ,
       217.55909505, 291.61127986, 284.65478502, 247.14737463,
       249.54528534, 269.6224131 , 182.94558364, 216.21583694,
       243.13417464, 243.60320097, 233.52517942, 174.03848022,
       209.3442938 , 233.33748983, 269.21535146, 208.46036339,
       231.651456  , 179.68440607, 241.79720163, 161.66160688,
       193.26037788, 191.46664047, 162.41784576, 311.95698953,
       273.69718516, 277.68629551, 326.83243421, 337.9066    ,
       270.13357073, 312.10379314]), 'lens': array([39, 39, 39, 39, 39, 39, 39, 39, 39, 40, 40, 40, 40, 40, 40, 40, 40,
       40, 40, 40, 40, 40, 40, 40, 40, 40, 40, 40, 40, 40, 41, 41, 41, 41,
       41, 41, 41, 41, 41, 41, 41, 41, 41, 41, 41, 41, 42, 42, 42, 42]), 'idxs': array([ 3082,  8080, 11079, 13081, 14078, 16080, 26080, 39081, 45079,
        1080,  4080,  9081, 10083, 22081, 23082, 25079, 27081, 28081,
       29080, 30082, 31080, 33079, 34080, 36082, 38080, 40080, 42082,
       43081, 47080, 48081,    80,  2081,  5081,  6082,  7081, 12081,
       15078, 17081, 18080, 21081, 24080, 32079, 35078, 37081, 44081,
       46080, 19083, 20080, 41082, 49076]), 'rew': 368.5053548896313, 'bl_rew': 238.55644901480525, 'len': 40.3, 'rew_std': 73.14657092377094, 'len_std': 0.854400374531753}