Train Results: {'n/ep': 50, 'n/st': 657, 'rews': array([103.88560987,  90.15067911,  79.49065578,  88.84853047,
        84.8790226 , 142.41719437, 134.50025034,  94.51808167,
       112.44553709,  72.74506557, 169.33749247, 123.88468623,
        69.13647223, 113.3849194 ,  82.74666277, 133.62556696,
       302.58942127, 162.27523279, 110.85804892, 141.71711707,
        91.59606528,  62.35785627,  80.05503917, 115.86698043,
       164.03743696, 214.44299412,  86.50851893, 113.36562228,
       121.13248873, 172.48750114,  77.83506572,  83.52985382,
       106.62573433, 156.20269966, 127.66545248, 132.17514563,
        91.1329329 , 141.29791403, 109.37186408, 121.30599785,
       170.66098213, 186.46003962, 248.18219566, 177.08240414,
        68.99698639,  90.39724278,  97.22785163,  80.45089102,
        86.70755476, 116.29794264]), 'bl_rews': array([ 90.41932464,  63.02397913,  73.48743588,  94.59065968,
        73.09617138, 102.34251213,  97.89933813,  95.30348092,
       100.90895271,  55.59947956, 103.38803911, 118.53941107,
        58.4622879 ,  74.75991845,  81.87312761, 152.98473454,
       170.97323728, 101.43699479,  84.58017349, 114.70091307,
        75.80029631,  48.40724254,  75.12411606,  81.54393876,
       167.07511806, 170.36988354,  99.519032  ,  93.98804116,
       100.96678138, 103.22776508,  54.3939054 ,  54.08710217,
       113.9435215 , 147.01688555, 113.52883697, 105.07019591,
        69.26518297,  98.04057789,  89.00668025,  74.56582928,
       122.73049927, 143.44453192, 171.12858844, 134.16180897,
        56.48230708,  81.91582608,  76.21185017,  46.14779174,
        94.84706235,  73.64964294]), 'lens': array([12, 12, 12, 12, 12, 12, 13, 13, 13, 13, 13, 13, 13, 13, 13, 13, 13,
       13, 13, 13, 13, 13, 13, 13, 13, 13, 13, 13, 13, 13, 13, 13, 13, 13,
       13, 13, 13, 14, 14, 14, 14, 14, 14, 14, 14, 14, 14, 14, 14, 14]), 'idxs': array([ 9027, 17027, 33025, 35025, 39026, 47026,    26,  1026,  2026,
        3025,  5025,  7026, 13025, 14027, 15026, 16026, 18026, 19025,
       20026, 22028, 23026, 24027, 25026, 27025, 30026, 31026, 32027,
       34027, 36027, 37025, 38025, 40026, 41026, 43026, 44025, 45027,
       49026,  4026,  6026,  8027, 10026, 11026, 12026, 21027, 26027,
       28027, 29026, 42025, 46026, 48026]), 'rew': 122.09787003099919, 'bl_rew': 96.88062026381493, 'len': 13.14, 'rew_std': 47.08426397437237, 'len_std': 0.6003332407921453}
Test Results: {'n/ep': 50, 'n/st': 657, 'rews': array([103.88560987,  90.15067911,  79.49065578,  88.84853047,
        84.8790226 , 142.41719437, 134.50025034,  94.51808167,
       112.44553709,  72.74506557, 169.33749247, 123.88468623,
        69.13647223, 113.3849194 ,  82.74666277, 133.62556696,
       302.58942127, 162.27523279, 110.85804892, 141.71711707,
        91.59606528,  62.35785627,  80.05503917, 115.86698043,
       164.03743696, 214.44299412,  86.50851893, 113.36562228,
       121.13248873, 172.48750114,  77.83506572,  83.52985382,
       106.62573433, 156.20269966, 127.66545248, 132.17514563,
        91.1329329 , 141.29791403, 109.37186408, 121.30599785,
       170.66098213, 186.46003962, 248.18219566, 177.08240414,
        68.99698639,  90.39724278,  97.22785163,  80.45089102,
        86.70755476, 116.29794264]), 'bl_rews': array([ 90.41932464,  63.02397913,  73.48743588,  94.59065968,
        73.09617138, 102.34251213,  97.89933813,  95.30348092,
       100.90895271,  55.59947956, 103.38803911, 118.53941107,
        58.4622879 ,  74.75991845,  81.87312761, 152.98473454,
       170.97323728, 101.43699479,  84.58017349, 114.70091307,
        75.80029631,  48.40724254,  75.12411606,  81.54393876,
       167.07511806, 170.36988354,  99.519032  ,  93.98804116,
       100.96678138, 103.22776508,  54.3939054 ,  54.08710217,
       113.9435215 , 147.01688555, 113.52883697, 105.07019591,
        69.26518297,  98.04057789,  89.00668025,  74.56582928,
       122.73049927, 143.44453192, 171.12858844, 134.16180897,
        56.48230708,  81.91582608,  76.21185017,  46.14779174,
        94.84706235,  73.64964294]), 'lens': array([12, 12, 12, 12, 12, 12, 13, 13, 13, 13, 13, 13, 13, 13, 13, 13, 13,
       13, 13, 13, 13, 13, 13, 13, 13, 13, 13, 13, 13, 13, 13, 13, 13, 13,
       13, 13, 13, 14, 14, 14, 14, 14, 14, 14, 14, 14, 14, 14, 14, 14]), 'idxs': array([ 9027, 17027, 33025, 35025, 39026, 47026,    26,  1026,  2026,
        3025,  5025,  7026, 13025, 14027, 15026, 16026, 18026, 19025,
       20026, 22028, 23026, 24027, 25026, 27025, 30026, 31026, 32027,
       34027, 36027, 37025, 38025, 40026, 41026, 43026, 44025, 45027,
       49026,  4026,  6026,  8027, 10026, 11026, 12026, 21027, 26027,
       28027, 29026, 42025, 46026, 48026]), 'rew': 122.09787003099919, 'bl_rew': 96.88062026381493, 'len': 13.14, 'rew_std': 47.08426397437237, 'len_std': 0.6003332407921453}